129
99
229
25
679
468
68
49
524
196
709
14
629
8
337
282
720
650
666
698
68
218
102
655
250
791
663
681
544
183
677
454
219
718
565
287
326
315
215
563
795
21
568
427
545
430
646
784
460
658
616
331
472
203
467
598
523
239
313
338
152
155
137
276
282
223
519
209
136
10
721
400
395
215
67
553
559
60
19
475
332
772
429
216
778
519
279
377
82
686
505
298
63
681
90
109
279
600
635
40
129
99
229
25
679
468
68
49
524
196
709
14
629
8
337
282
720
650
666
698
68
218
102
655
250
791
663
681
544
183
677
454
219
718
565
287
326
315
215
563
795
21
568
427
545
430
646
784
460
658
616
331
472
203
467
598
523
239
313
338
152
155
137
276
282
223
519
209
136
10
721
400
395
215
67
553
559
60
19
475
332
772
429
216
778
519
279
377
82
686
505
298
63
681
90
109
279
600
635
40
129
99
229
25
679
468
68
49
524
196
709
14
629
8
337
282
720
650
666
698
68
218
102
655
250
791
663
681
544
183
677
454
219
718
565
287
326
315
215
563
795
21
568
427
545
430
646
784
460
658
616
331
472
203
467
598
523
239
313
338
152
155
137
276
282
223
519
209
136
10
721
400
395
215
67
553
559
60
19
475
332
772
429
216
778
519
279
377
82
686
505
298
63
681
90
109
279
600
635
40
129
99
229
25
679
468
68
49
524
196
709
14
629
8
337
282
720
650
666
698
68
218
102
655
250
791
663
681
544
183
677
454
219
718
565
287
326
315
215
563
795
21
568
427
545
430
646
784
460
658
616
331
472
203
467
598
523
239
313
338
152
155
137
276
282
223
519
209
136
10
721
400
395
215
67
553
559
60
19
475
332
772
429
216
778
519
279
377
82
686
505
298
63
681
90
109
279
600
635
40
129
99
229
25
679
468
68
49
524
196
709
14
629
8
337
282
720
650
666
698
68
218
102
655
250
791
663
681
544
183
677
454
219
718
565
287
326
315
215
563
795
21
568
427
545
430
646
784
460
658
616
331
472
203
467
598
523
239
313
338
152
155
137
276
282
223
519
209
136
10
721
400
395
215
67
553
559
60
19
475
332
772
429
216
778
519
279
377
82
686
505
298
63
681
90
109
279
600
635
40
129
99
229
25
679
468
68
49
524
196
709
14
629
8
337
282
720
650
666
698
68
218
102
655
250
791
663
681
544
183
677
454
219
718
565
287
326
315
215
563
795
21
568
427
545
430
646
784
460
658
616
331
472
203
467
598
523
239
313
338
152
155
137
276
282
223
519
209
136
10
721
400
395
215
67
553
559
60
19
475
332
772
429
216
778
519
279
377
82
686
505
298
63
681
90
109
279
600
635
40
129
99
229
25
679
468
68
49
524
196
709
14
629
8
337
282
720
650
666
698
68
218
102
655
250
791
663
681
544
183
677
454
219
718
565
287
326
315
215
563
795
21
568
427
545
430
646
784
460
658
616
331
472
203
467
598
523
239
313
338
152
155
137
276
282
223
519
209
136
10
721
400
395
215
67
553
559
60
19
475
332
772
429
216
778
519
279
377
82
686
505
298
63
681
90
109
279
600
635
40
129
99
229
25
679
468
68
49
524
196
709
14
629
8
337
282
720
650
666
698
68
218
102
655
250
791
663
681
544
183
677
454
219
718
565
287
326
315
215
563
795
21
568
427
545
430
646
784
460
658
616
331
472
203
467
598
523
239
313
338
152
155
137
276
282
223
519
209
136
10
721
400
395
215
67
553
559
60
19
475
332
772
429
216
778
519
279
377
82
686
505
298
63
681
90
109
279
600
635
40
129
99
229
25
679
468
68
49
524
196
709
14
629
8
337
282
720
650
666
698
68
218
102
655
250
791
663
681
544
183
677
454
219
718
565
287
326
315
215
563
795
21
568
427
545
430
646
784
460
658
616
331
472
203
467
598
523
239
313
338
152
155
137
276
282
223
519
209
136
10
721
400
395
215
67
553
559
60
19
475
332
772
429
216
778
519
279
377
82
686
505
298
63
681
90
109
279
600
635
40
129
99
229
25
679
468
68
49
524
196
709
14
629
8
337
282
720
650
666
698
68
218
102
655
250
791
663
681
544
183
677
454
219
718
565
287
326
315
215
563
795
21
568
427
545
430
646
784
460
658
616
331
472
203
467
598
523
239
313
338
152
155
137
276
282
223
519
209
136
10
721
400
395
215
67
553
559
60
19
475
332
772
429
216
778
519
279
377
82
686
505
298
63
681
90
109
279
600
635
40
129
99
229
25
679
468
68
49
524
196
709
14
629
8
337
282
720
650
666
698
68
218
102
655
250
791
663
681
544
183
677
454
219
718
565
287
326
315
215
563
795
21
568
427
545
430
646
784
460
658
616
331
472
203
467
598
523
239
313
338
152
155
137
276
282
223
519
209
136
10
721
400
395
215
67
553
559
60
19
475
332
772
429
216
778
519
279
377
82
686
505
298
63
681
90
109
279
600
635
40
129
99
229
25
679
468
68
49
524
196
709
14
629
8
337
282
720
650
666
698
68
218
102
655
250
791
663
681
544
183
677
454
219
718
565
287
326
315
215
563
795
21
568
427
545
430
646
784
460
658
616
331
472
203
467
598
523
239
313
338
152
155
137
276
282
223
519
209
136
10
721
400
395
215
67
553
559
60
19
475
332
772
429
216
778
519
279
377
82
686
505
298
63
681
90
109
279
600
635
40
129
99
229
25
679
468
68
49
524
196
709
14
629
8
337
282
720
650
666
698
68
218
102
655
250
791
663
681
544
183
677
454
219
718
565
287
326
315
215
563
795
21
568
427
545
430
646
784
460
658
616
331
472
203
467
598
523
239
313
338
152
155
137
276
282
223
519
209
136
10
721
400
395
215
67
553
559
60
19
475
332
772
429
216
778
519
279
377
82
686
505
298
63
681
90
109
279
600
635
40
